     1
  6 . . 2
   . . .
  5 . . 3
     4

Player N°1:
(-1, -1, -1, -1, 15, -1, -1, -1, -1, -1, -1, -1, -1, -1, -1, -1, -1, -1, -1, -1, -1, 14, 14, -1, -1, -1, -1, -1, -1, -1, -1, -1, -1, -1, -1, -1, -1, -1, 13, 13, 13, -1, -1, -1, -1, -1, -1, -1, -1, -1, -1, -1, -1, -1, -1, 12, 12, 12, 12, -1, -1, -1, -1, -1, -1, -1, -1, -1, -1, -1, -1, -1, 11, 11, 11, 11, 11, -1, -1, -1, -1, -1, -1, -1, -1, -1, -1, -1, -1, 11, 10, 10, 10, 10, 11, -1, -1, -1, -1, -1, -1, -1, -1, -1, -1, -1, 10, 10, 9, 9, 9, 10, 10, -1, -1, -1, -1, -1, -1, -1, -1, -1, -1, 10, 9, 9, 8, 8, 9, 9, 10, -1, -1, -1, -1, -1, -1, -1, -1, -1, 10, 8, 8, 7, 7, 7, 8, 8, 10, -1, -1, -1, -1, -1, -1, -1, -1, -1, 7, 7, 6, 6, 6, 6, 7, 7, -1, -1, -1, -1, -1, -1, -1, -1, -1, -1, 7, 6, 5, 5, 5, 6, 7, -1, -1, -1, -1, -1, -1, -1, -1, -1, -1, -1, 5, 4, 4, 4, 4, 5, -1, -1, -1, -1, -1, -1, -1, -1, -1, -1, -1, -1, 4, 4, 4, 4, 4, -1, -1, -1, -1, -1, -1, -1, -1, -1, -1, -1, -1, -1, 3, 3, 3, 3, -1, -1, -1, -1, -1, -1, -1, -1, -1, -1, -1, -1, -1, -1, 2, 2, 2, -1, -1, -1, -1, -1, -1, -1, -1, -1, -1, -1, -1, -1, -1, -1, 1, 1, -1, -1, -1, -1, -1, -1, -1, -1, -1, -1, -1, -1, -1, -1, -1, -1, 0, -1, -1, -1, -1)
Player N°2:
(-1, -1, -1, -1, -1, -1, -1, -1, -1, -1, -1, -1, -1, -1, -1, -1, -1, -1, -1, -1, -1, -1, -1, -1, -1, -1, -1, -1, -1, -1, -1, -1, -1, -1, -1, -1, -1, -1, -1, -1, -1, -1, -1, -1, -1, -1, -1, -1, -1, -1, -1, -1, -1, -1, -1, -1, -1, -1, -1, -1, -1, -1, -1, -1, -1, -1, -1, -1, -1, -1, -1, -1, 10, 10, 10, 11, 11, 12, 13, 14, 15, -1, -1, -1, -1, -1, -1, -1, -1, 7, 8, 9, 10, 10, 11, 12, 13, 14, -1, -1, -1, -1, -1, -1, -1, -1, 7, 7, 8, 9, 9, 10, 11, 12, 13, -1, -1, -1, -1, -1, -1, -1, -1, 5, 6, 6, 7, 8, 9, 10, 11, 12, -1, -1, -1, -1, -1, -1, -1, -1, 4, 4, 5, 6, 7, 8, 9, 10, 11, -1, -1, -1, -1, -1, -1, -1, -1, 3, 4, 4, 5, 6, 7, 9, 10, 11, -1, -1, -1, -1, -1, -1, -1, -1, 2, 3, 4, 4, 5, 6, 8, 9, 10, -1, -1, -1, -1, -1, -1, -1, -1, 1, 2, 3, 4, 4, 6, 7, 8, 10, -1, -1, -1, -1, -1, -1, -1, -1, 0, 1, 2, 3, 4, 5, 7, 7, 10, -1, -1, -1, -1, -1, -1, -1, -1, -1, -1, -1, -1, -1, -1, -1, -1, -1, -1, -1, -1, -1, -1, -1, -1, -1, -1, -1, -1, -1, -1, -1, -1, -1, -1, -1, -1, -1, -1, -1, -1, -1, -1, -1, -1, -1, -1, -1, -1, -1, -1, -1, -1, -1, -1, -1, -1, -1, -1, -1, -1, -1, -1, -1, -1, -1, -1, -1, -1, -1, -1, -1, -1)
Player N°3:
(-1, -1, -1, -1, -1, -1, -1, -1, -1, -1, -1, -1, -1, -1, -1, -1, -1, -1, -1, -1, -1, -1, -1, -1, -1, -1, -1, -1, -1, -1, -1, -1, -1, -1, -1, -1, -1, -1, -1, -1, -1, -1, -1, -1, -1, -1, -1, -1, -1, -1, -1, -1, -1, -1, -1, -1, -1, -1, -1, -1, -1, -1, -1, -1, -1, -1, -1, -1, 0, 1, 2, 3, 4, 5, 7, 7, 10, -1, -1, -1, -1, -1, -1, -1, -1, -1, 1, 2, 3, 4, 4, 6, 7, 8, 10, -1, -1, -1, -1, -1, -1, -1, -1, -1, 2, 3, 4, 4, 5, 6, 8, 9, 10, -1, -1, -1, -1, -1, -1, -1, -1, -1, 3, 4, 4, 5, 6, 7, 9, 10, 11, -1, -1, -1, -1, -1, -1, -1, -1, -1, 4, 4, 5, 6, 7, 8, 9, 10, 11, -1, -1, -1, -1, -1, -1, -1, -1, -1, 5, 6, 6, 7, 8, 9, 10, 11, 12, -1, -1, -1, -1, -1, -1, -1, -1, -1, 7, 7, 8, 9, 9, 10, 11, 12, 13, -1, -1, -1, -1, -1, -1, -1, -1, -1, 7, 8, 9, 10, 10, 11, 12, 13, 14, -1, -1, -1, -1, -1, -1, -1, -1, -1, 10, 10, 10, 11, 11, 12, 13, 14, 15, -1, -1, -1, -1, -1, -1, -1, -1, -1, -1, -1, -1, -1, -1, -1, -1, -1, -1, -1, -1, -1, -1, -1, -1, -1, -1, -1, -1, -1, -1, -1, -1, -1, -1, -1, -1, -1, -1, -1, -1, -1, -1, -1, -1, -1, -1, -1, -1, -1, -1, -1, -1, -1, -1, -1, -1, -1, -1, -1, -1, -1, -1, -1, -1, -1, -1, -1, -1)
Player N°4:
(-1, -1, -1, -1, 0, -1, -1, -1, -1, -1, -1, -1, -1, -1, -1, -1, -1, -1, -1, -1, -1, 1, 1, -1, -1, -1, -1, -1, -1, -1, -1, -1, -1, -1, -1, -1, -1, -1, 2, 2, 2, -1, -1, -1, -1, -1, -1, -1, -1, -1, -1, -1, -1, -1, -1, 3, 3, 3, 3, -1, -1, -1, -1, -1, -1, -1, -1, -1, -1, -1, -1, -1, 4, 4, 4, 4, 4, -1, -1, -1, -1, -1, -1, -1, -1, -1, -1, -1, -1, 5, 4, 4, 4, 4, 5, -1, -1, -1, -1, -1, -1, -1, -1, -1, -1, -1, 7, 6, 5, 5, 5, 6, 7, -1, -1, -1, -1, -1, -1, -1, -1, -1, -1, 7, 7, 6, 6, 6, 6, 7, 7, -1, -1, -1, -1, -1, -1, -1, -1, -1, 10, 8, 8, 7, 7, 7, 8, 8, 10, -1, -1, -1, -1, -1, -1, -1, -1, -1, 10, 9, 9, 8, 8, 9, 9, 10, -1, -1, -1, -1, -1, -1, -1, -1, -1, -1, 10, 10, 9, 9, 9, 10, 10, -1, -1, -1, -1, -1, -1, -1, -1, -1, -1, -1, 11, 10, 10, 10, 10, 11, -1, -1, -1, -1, -1, -1, -1, -1, -1, -1, -1, -1, 11, 11, 11, 11, 11, -1, -1, -1, -1, -1, -1, -1, -1, -1, -1, -1, -1, -1, 12, 12, 12, 12, -1, -1, -1, -1, -1, -1, -1, -1, -1, -1, -1, -1, -1, -1, 13, 13, 13, -1, -1, -1, -1, -1, -1, -1, -1, -1, -1, -1, -1, -1, -1, -1, 14, 14, -1, -1, -1, -1, -1, -1, -1, -1, -1, -1, -1, -1, -1, -1, -1, -1, 15, -1, -1, -1, -1)
Player N°5:
(-1, -1, -1, -1, -1, -1, -1, -1, -1, -1, -1, -1, -1, -1, -1, -1, -1, -1, -1, -1, -1, -1, -1, -1, -1, -1, -1, -1, -1, -1, -1, -1, -1, -1, -1, -1, -1, -1, -1, -1, -1, -1, -1, -1, -1, -1, -1, -1, -1, -1, -1, -1, -1, -1, -1, -1, -1, -1, -1, -1, -1, -1, -1, -1, -1, -1, -1, -1, -1, -1, -1, -1, 10, 7, 7, 5, 4, 3, 2, 1, 0, -1, -1, -1, -1, -1, -1, -1, -1, 10, 8, 7, 6, 4, 4, 3, 2, 1, -1, -1, -1, -1, -1, -1, -1, -1, 11, 9, 8, 6, 5, 4, 4, 3, 2, -1, -1, -1, -1, -1, -1, -1, -1, 11, 10, 9, 7, 6, 5, 4, 4, 3, -1, -1, -1, -1, -1, -1, -1, -1, 11, 10, 9, 8, 7, 6, 5, 4, 4, -1, -1, -1, -1, -1, -1, -1, -1, 12, 11, 10, 9, 8, 7, 6, 6, 5, -1, -1, -1, -1, -1, -1, -1, -1, 13, 12, 11, 10, 9, 9, 8, 7, 7, -1, -1, -1, -1, -1, -1, -1, -1, 14, 13, 12, 11, 10, 10, 9, 8, 7, -1, -1, -1, -1, -1, -1, -1, -1, 15, 14, 13, 12, 11, 11, 10, 10, 10, -1, -1, -1, -1, -1, -1, -1, -1, -1, -1, -1, -1, -1, -1, -1, -1, -1, -1, -1, -1, -1, -1, -1, -1, -1, -1, -1, -1, -1, -1, -1, -1, -1, -1, -1, -1, -1, -1, -1, -1, -1, -1, -1, -1, -1, -1, -1, -1, -1, -1, -1, -1, -1, -1, -1, -1, -1, -1, -1, -1, -1, -1, -1, -1, -1, -1, -1, -1, -1, -1, -1, -1)
Player N°6:
(-1, -1, -1, -1, -1, -1, -1, -1, -1, -1, -1, -1, -1, -1, -1, -1, -1, -1, -1, -1, -1, -1, -1, -1, -1, -1, -1, -1, -1, -1, -1, -1, -1, -1, -1, -1, -1, -1, -1, -1, -1, -1, -1, -1, -1, -1, -1, -1, -1, -1, -1, -1, -1, -1, -1, -1, -1, -1, -1, -1, -1, -1, -1, -1, -1, -1, -1, -1, 15, 14, 13, 12, 11, 11, 10, 10, 10, -1, -1, -1, -1, -1, -1, -1, -1, -1, 14, 13, 12, 11, 10, 10, 9, 8, 7, -1, -1, -1, -1, -1, -1, -1, -1, -1, 13, 12, 11, 10, 9, 9, 8, 7, 7, -1, -1, -1, -1, -1, -1, -1, -1, -1, 12, 11, 10, 9, 8, 7, 6, 6, 5, -1, -1, -1, -1, -1, -1, -1, -1, -1, 11, 10, 9, 8, 7, 6, 5, 4, 4, -1, -1, -1, -1, -1, -1, -1, -1, -1, 11, 10, 9, 7, 6, 5, 4, 4, 3, -1, -1, -1, -1, -1, -1, -1, -1, -1, 10, 9, 8, 6, 5, 4, 4, 3, 2, -1, -1, -1, -1, -1, -1, -1, -1, -1, 10, 8, 7, 6, 4, 4, 3, 2, 1, -1, -1, -1, -1, -1, -1, -1, -1, -1, 10, 7, 7, 5, 4, 3, 2, 1, 0, -1, -1, -1, -1, -1, -1, -1, -1, -1, -1, -1, -1, -1, -1, -1, -1, -1, -1, -1, -1, -1, -1, -1, -1, -1, -1, -1, -1, -1, -1, -1, -1, -1, -1, -1, -1, -1, -1, -1, -1, -1, -1, -1, -1, -1, -1, -1, -1, -1, -1, -1, -1, -1, -1, -1, -1, -1, -1, -1, -1, -1, -1, -1, -1, -1, -1, -1, -1)
